1
150.000000  150.000000  7
1000  1
1.000000  -21.000000  z  1
1.000000  -8.000000  0.000000  -21.000000  z  1  b    4.1550e+01    1.8584e+02  v    2.0000e+01    2.0000e+01
2100  1
1.000000  -21.000000  z  1
1.000000  -8.000000  0.000000  -21.000000  z  1  b    1.0233e+02    3.4355e+02  v    2.0000e+01    2.0000e+01
5000  1
1.000000  -21.000000  z  1
1.000000  -8.000000  0.000000  -21.000000  z  1  b    2.7416e+02    6.6416e+02  v    2.0000e+01    2.0000e+01
12000  1
1.000000  -21.000000  z  1
1.000000  -8.000000  0.000000  -21.000000  z  1  b    6.7641e+02    1.1784e+03  v    2.0000e+01    2.0000e+01
26000  1
1.000000  -21.000000  z  1
1.000000  -8.000000  0.000000  -21.000000  z  1  b    1.3574e+03    1.7662e+03  v    2.0000e+01    2.0000e+01
60000  1
1.000000  -21.000000  z  1
1.000000  -8.000000  0.000000  -21.000000  z  1  b    2.5391e+03    2.4011e+03  v    2.0000e+01    2.0000e+01
100000  1
1.000000  -21.000000  z  1
1.000000  -8.000000  0.000000  -21.000000  z  1  b    3.4735e+03    2.6929e+03  v    2.0000e+01    2.0000e+01
